Insult,Polarity
1,-0.4
0,0.2
0,0.17
0,0.37
0,0.0
0,0.2
0,0.0
1,-0.4
1,-0.3125
1,-0.8
0,0.6
0,0.0
0,0.0
0,0.166666666667
0,0.0
1,0.133333333333
1,0.0
0,0.8
1,0.0
1,-0.9
0,0.0
0,0.0
0,0.0
0,0.0
0,0.222222222222
0,0.234722222222
0,-0.05
0,0.0
0,0.4875
0,0.2125
0,0.277272727273
0,0.7
0,0.0474206349206
0,0.1
1,-0.9
0,0.2
0,0.215625
1,-0.36
1,-0.75
0,0.00625
0,0.0
1,-0.193333333333
0,0.285714285714
0,0.625
0,0.172222222222
1,0.0
0,0.392857142857
1,0.05
0,0.375
0,0.3
0,0.7
1,-0.658333333333
0,0.0
0,0.5
0,-0.4
1,-0.8
0,0.0
0,-0.194444444444
0,0.6
1,-1.0
0,0.0
1,-0.5
0,-0.23
0,-0.45
0,-0.262962962963
0,-0.225
0,-0.7
0,0.416666666667
0,0.00613636363636
0,0.5
0,0.0331349206349
0,-0.3125
0,0.0
0,0.3
0,0.35
0,0.0
0,-0.8
0,-0.0875
0,-0.0375
1,0.135714285714
1,0.0
0,0.0
1,-0.366666666667
0,-0.125
0,0.0
0,-0.174074074074
0,0.0
0,0.093253968254
1,-0.21875
0,0.1
0,0.0
0,0.416666666667
0,0.15625
1,0.0
0,0.163095238095
1,0.766666666667
1,0.0861111111111
1,0.0
0,-0.154861111111
0,-0.6
1,-0.4
0,-0.221428571429
0,-1.0
1,-0.45
0,-0.05
0,0.0
1,-0.714285714286
0,0.123076923077
1,0.5
0,0.0
0,0.0
0,0.13125
0,0.5
0,0.0916666666667
1,0.5
1,-0.222222222222
0,0.118981481481
0,0.0
0,0.0364285714286
0,0.5
1,-0.416666666667
0,0.495238095238
0,0.0
0,0.0305916305916
0,0.5
0,0.15
0,-0.0760582010582
1,-0.233333333333
1,0.5
0,-0.111328125
0,-0.347222222222
0,-0.1
0,-0.5
1,-0.125
1,-0.065625
0,0.0
1,0.0625
0,0.0
0,0.0441666666667
0,0.0
0,0.0
1,-0.714285714286
0,0.0226388888889
0,-0.4
1,0.0
0,0.285714285714
0,1.0
0,0.0
0,0.0
1,-0.475
0,0.0178571428571
0,0.0
0,0.123333333333
0,0.0
0,0.0
0,0.205952380952
0,-0.7
0,0.0
0,0.0
0,0.266666666667
1,0.381469726562
0,0.5
1,0.0
0,0.6
0,0.378472222222
0,0.1
1,0.00833333333333
1,-0.238095238095
0,0.0
1,0.0
1,0.00625
0,0.0
0,-0.2225
0,0.210052910053
0,-0.11
0,0.7
0,0.0
0,0.0
0,0.0738795518207
0,0.5
0,0.264880952381
0,0.0
0,-0.38125
0,0.110426716141
0,0.5
0,0.6
0,0.5
0,0.0
0,0.266666666667
0,-0.00477272727273
0,0.5
0,0.0
1,0.0
0,0.3125
0,0.0
1,0.0222789115646
0,0.4125
0,0.0
0,-0.353125
0,0.025
1,-0.8
0,-0.3
1,0.0
0,0.0
1,-0.114540816327
0,-0.5
0,-0.1
0,-0.2
1,-0.0178571428571
0,-0.14
1,-0.262797619048
0,-0.441666666667
1,-0.8
0,0.1
1,-0.8
1,-0.8
0,-0.5
1,0.0
1,-0.4
0,0.0
0,0.2
0,-0.160251322751
0,-0.0333333333333
0,-0.35
0,0.0
0,0.466666666667
1,0.0
0,0.0
0,0.0
0,0.6
1,-0.0285714285714
0,0.0
0,-0.027380952381
0,-0.9375
1,-0.8
0,-0.2
0,0.0
0,-0.0625
0,0.0431818181818
0,-0.02
0,0.0241071428571
1,-1.0
0,-0.2
0,0.0
0,-0.5
0,0.0381448412698
0,0.4
0,0.525
1,-0.528125
0,0.152380952381
0,0.0
1,-0.233333333333
0,0.0
0,0.0
0,0.0
0,0.0
0,0.6
0,0.0
0,-0.102083333333
0,-0.0131655844156
0,0.116666666667
0,0.0
0,-0.155555555556
0,-0.7
0,0.0
0,0.0
0,0.0
0,-0.0166666666667
0,-1.0
0,0.319444444444
0,0.0
0,0.0
0,0.153782051282
1,0.0
0,0.375
0,-1.0
0,-0.281481481481
1,-0.4
0,0.209863704004
0,-0.6
0,-0.125
0,-0.8
0,0.0
0,-0.0375
1,-0.455555555556
1,0.0
0,-0.1
0,-0.133333333333
0,0.0
1,0.0
0,0.08
0,0.370833333333
0,0.137301587302
1,-0.6
1,0.0
0,0.142857142857
0,0.4
0,-0.15
0,0.35
0,-0.18125
0,0.106746031746
1,0.5
0,0.0
1,0.1
0,0.0
1,-0.8
0,0.0
1,-0.0944444444444
0,0.0675324675325
0,0.05625
0,0.166666666667
0,-0.0333333333333
0,-0.175555555556
0,0.48828125
0,-0.323333333333
1,0.1
0,0.1
1,-0.275
0,-0.108333333333
0,-0.241666666667
1,0.0
0,0.0
1,-0.0143253968254
1,-0.15125
0,0.0
0,0.0
0,0.281746031746
1,-0.240740740741
0,-0.154365079365
1,-0.2675
1,-0.471428571429
0,0.5
0,0.0
0,0.287755102041
1,0.2
1,0.0
0,-0.15
0,0.05
0,-0.0851851851852
0,-0.282490079365
0,0.0140789473684
0,0.6
0,-0.025
0,0.226573426573
0,0.0
0,0.0
0,0.0
1,0.208333333333
0,0.35
0,-0.25
1,0.0888888888889
0,-0.234375
1,0.0
1,-0.6
1,-0.01
0,0.1125
0,0.0
0,0.075
1,0.0
0,-0.15
1,0.2
0,0.0833333333333
0,0.366666666667
0,-0.234375
0,0.0
0,0.189285714286
1,0.0
0,0.0
0,0.0
1,-0.4
0,0.5
0,0.8
0,-0.2
1,0.355
1,-0.257142857143
1,0.9
0,0.139722222222
0,0.0
1,-0.375
0,0.458333333333
0,0.0
1,-0.4
0,-0.183333333333
0,-0.0166666666667
0,0.6
0,0.0
0,-0.35
0,0.166666666667
0,0.658333333333
1,0.0
0,0.07
0,-0.25
1,-0.8
1,-0.388888888889
1,0.283333333333
0,0.1
0,-0.291666666667
1,-0.2
0,-0.25
0,0.05875
0,0.173333333333
0,0.0545238095238
0,-0.5
1,-1.0
1,0.0
0,0.0
1,0.0
0,-0.119444444444
1,-0.05
0,0.0
1,-0.370238095238
0,0.104166666667
0,-0.00297619047619
0,0.0
0,-0.1
1,-0.8
0,0.05
0,1.0
1,-0.38125
0,-0.133333333333
0,-0.875
0,-0.299322916667
0,0.5
0,0.285714285714
0,0.0
0,0.0
1,0.0
0,0.0333333333333
1,0.0
0,0.1125
0,-0.15
0,0.0
0,0.321428571429
0,0.46875
0,0.0325665509259
1,0.0
1,0.0166666666667
0,0.0
0,1.0
0,0.0729166666667
0,3.46944695195e-18
0,0.315750915751
1,0.0
1,0.0
0,0.0125
1,-0.425
0,0.25
0,0.11
0,0.0
0,0.0
1,0.392857142857
1,-0.7
0,0.0
0,-0.0625
1,-0.488888888889
0,-0.25
0,-0.416666666667
1,-0.190909090909
1,-0.166666666667
1,-0.6
0,0.318181818182
0,-0.5
1,-0.434606481481
0,0.147619047619
1,-0.6
0,0.142857142857
0,-0.141666666667
0,-0.8
0,0.275
0,-0.2
1,-0.449166666667
0,0.64375
0,0.0
0,-0.2375
1,0.0
0,0.0555555555556
0,0.225
1,0.0
1,-0.075
0,-0.366071428571
0,0.0
0,-0.103571428571
0,0.5
0,-0.0409090909091
0,0.472222222222
0,0.0
0,0.31
0,0.0
0,-0.166666666667
0,0.0
0,0.0
0,-0.025
0,-0.208333333333
0,0.1
0,0.0
1,-0.2
0,-0.404761904762
0,-0.25
0,0.5
0,-0.05
0,0.1375
0,0.0
0,0.416666666667
0,0.3
0,0.1
0,0.4
0,0.0
0,0.2
0,-0.025
0,0.6
0,0.55
0,0.136363636364
0,0.175
1,-0.375
0,0.0681818181818
1,0.0
1,0.0
0,0.04
0,0.0
0,-0.131493506494
0,0.0
0,0.166666666667
0,0.0
0,0.0
1,0.045
0,0.1
0,0.0
0,-0.00892857142857
0,0.0666666666667
0,0.0
0,-0.05
0,-0.5
0,0.0
0,0.136363636364
0,0.11
0,0.0
1,-0.4
1,-0.25
0,0.5
1,-0.19375
1,-0.4
0,0.0
1,-0.166666666667
0,0.186111111111
0,0.0
0,0.52
0,0.0
0,0.5
1,-0.0666666666667
0,0.0
0,0.35
0,0.5
0,1.0
0,0.396666666667
1,-0.305555555556
0,-0.0125
1,-0.1375
0,-0.2
0,0.0521428571429
0,0.166666666667
0,-0.164583333333
0,0.025
0,0.0
0,0.0
1,-0.625
0,0.0
0,0.25
0,-0.102083333333
1,-0.145416666667
0,-0.3
1,0.1
1,0.5
0,0.60224609375
0,-0.4
0,-0.0333333333333
0,-0.175
0,0.15
0,0.5859375
0,0.2
0,0.0
0,-0.09125
1,-0.0732142857143
0,0.0
0,0.0
0,0.076455026455
0,0.0
0,0.005859375
0,-0.5
1,-0.582291666667
0,0.0400793650794
0,0.629166666667
0,0.2
0,-0.633333333333
0,0.0
0,-0.5
0,-0.107142857143
0,0.0
0,0.0
0,-0.1
0,0.0
0,0.015
0,0.142857142857
0,0.325
0,-0.241666666667
0,0.875
0,0.05
1,0.0
0,0.0474603174603
0,0.375
0,-0.328125
0,-0.125925925926
0,0.0
0,0.65
0,0.165606060606
0,-0.4
0,-0.8
1,-0.163571428571
1,0.215
1,-0.458333333333
1,-0.135339506173
0,0.0
0,-0.4
0,-0.0791666666667
0,0.142857142857
0,0.0
0,-0.0843939393939
0,-0.337932900433
1,0.4125
0,0.0425
0,0.0
0,0.0833333333333
1,-0.4
0,0.0
0,0.0
1,0.277587890625
1,0.0
1,0.0
0,0.0
0,-0.11
0,0.2765625
0,0.5
0,0.0
1,0.316666666667
0,0.125
0,-1.0
1,-0.4
0,0.0
0,0.0
0,-0.0222222222222
0,0.0464330808081
0,0.0
1,0.3
0,-0.15
1,-0.241666666667
1,-0.0733893557423
0,0.1
1,-0.0375
0,-0.1625
0,-0.9765625
0,0.0
0,0.104166666667
1,-0.505555555556
0,0.3
0,0.625
0,0.1
0,-0.125
0,0.0
0,0.2
0,-0.405
0,0.0
0,0.0
0,0.2
0,0.308333333333
0,0.5
0,0.6
0,0.0234363063407
0,0.0
0,0.0
0,0.285
0,-0.105208333333
0,0.0
0,0.0
0,0.2
0,0.46875
0,0.0
0,0.114583333333
1,-0.102651515152
0,-0.0333333333333
0,0.2
0,0.0
0,-0.4
0,0.075
1,0.2
0,0.25
0,0.0
0,0.3
0,0.0
0,0.625
1,-0.34375
0,0.0
0,0.0958333333333
0,-0.173232323232
0,0.0
0,0.0
0,0.0
0,0.116820276498
1,0.2375
0,0.321428571429
0,0.65
0,0.100595238095
0,0.271428571429
0,0.25
0,0.45
0,0.0825
0,-0.1
0,-0.0133928571429
0,0.1
1,0.2
0,-0.0235896610897
1,-0.8
1,0.7
0,0.383333333333
0,-1.0
0,0.225
0,-0.325
0,-0.3
0,0.15
0,0.0
1,-0.65
0,-0.6
0,0.5
0,0.461111111111
0,0.52
1,0.40625
0,0.0
0,0.05
0,0.25
0,0.275
0,0.0
1,-0.6
0,0.35
0,0.0
0,0.0872727272727
1,-0.425446428571
1,0.0
0,0.0
0,0.15
1,-1.0
1,-0.8
0,0.0
0,0.216666666667
1,0.116666666667
0,-0.2078125
0,0.0769230769231
0,0.285416666667
1,-0.9
0,0.0
0,0.375
0,-0.2
0,-0.329797979798
1,-0.151851851852
1,0.2
1,0.0
0,0.0
1,0.0
1,-0.15
0,0.0416666666667
0,0.2
0,0.0
0,0.0
0,0.1
0,0.1
1,-0.15
0,0.0263480392157
0,0.3
1,-0.3
0,0.166666666667
1,-0.46875
0,0.0987654320988
0,-0.025
1,0.0166666666667
1,0.333333333333
1,-0.65
1,-0.116666666667
0,0.0
0,0.0
0,-0.6
0,-0.00119047619048
0,0.0
0,0.2
0,0.135
0,0.0
0,0.115740740741
1,0.0
0,0.0125
0,0.0
0,-0.204166666667
1,-0.1
0,0.0
1,-0.0625
0,0.0
0,0.1
0,-0.291666666667
0,0.195670995671
0,-0.166666666667
1,0.333333333333
0,0.0836734693878
0,0.333333333333
0,0.225
0,-0.2
0,0.0
1,-0.333333333333
1,-0.1
0,0.357142857143
0,-0.357142857143
0,0.0
0,-0.165104166667
1,-0.8
1,-0.8
0,0.25
1,-0.15
0,0.811111111111
0,0.35
0,-0.1
1,-0.205555555556
0,-0.133333333333
0,0.16
0,0.0
0,0.8
1,0.0
0,0.8
0,0.0
0,-0.0833333333333
1,-0.18
1,0.0666666666667
1,-0.0424242424242
0,0.0
0,0.0788095238095
1,0.0
0,0.166666666667
0,-0.65
0,0.8
0,-0.3
1,0.0
0,0.0
1,0.0
0,0.5
1,-0.8
0,-0.168
1,-0.458333333333
0,-0.14
0,-0.00432098765432
0,-0.02
0,0.0
0,0.0
0,0.025
1,-0.583333333333
1,0.0
0,0.15
0,0.1375
1,-0.133333333333
0,0.1
1,0.0
0,0.0
0,0.7125
1,-0.714285714286
0,0.136666666667
1,-0.4
0,-0.4
1,-0.8
0,-0.4
1,0.8
0,0.233333333333
0,0.201043526786
0,0.0
0,-0.975
1,-0.6
0,-0.00639204545455
1,-0.8
1,-0.1625
0,-0.35
1,0.108333333333
0,-0.4
0,0.0
0,0.0
0,-0.0865646258503
0,0.0
0,0.15
0,-0.2
0,-0.166666666667
1,0.0
1,-0.146875
0,0.333333333333
1,0.0
0,0.5
0,0.0
1,-0.1
0,0.114285714286
0,0.8
1,-0.232857142857
0,0.291666666667
1,-0.3
0,0.0
0,-0.2
0,-0.378571428571
0,-0.0833333333333
0,-0.5
0,-0.6
1,0.0
0,0.0642857142857
1,-0.75
0,-0.275
0,0.142857142857
1,-0.05
0,0.1
0,0.375
0,0.0
0,-0.138095238095
0,0.266666666667
0,0.041512345679
0,0.208333333333
0,-0.141666666667
0,0.245238095238
0,0.217261904762
1,0.160119047619
0,0.192434210526
0,-0.0333333333333
0,0.0
0,0.0
1,0.25
1,-0.483333333333
1,-0.00625
0,0.5
0,0.0
0,-0.0148974358974
0,1.0
1,-0.2875
0,0.0
0,0.0
0,0.0
0,0.333333333333
0,-0.166666666667
0,0.371428571429
0,0.130272108844
0,0.5
0,0.1625
0,0.2
0,0.393229166667
0,0.269727891156
0,0.5
0,0.0
0,0.0
0,0.0
1,0.0821428571429
1,-0.0553240740741
0,1.0
1,-0.0848484848485
1,-0.5
1,-0.2
1,-0.291666666667
0,0.45
0,0.4375
0,0.327857142857
0,0.1
1,-0.4
0,0.0
0,-0.371428571429
1,-0.1875
0,0.145454545455
0,0.0
1,-0.8
0,0.55
1,-0.15
0,-0.121875
0,0.1
1,-0.0318181818182
0,0.0
0,0.2
1,-0.3625
0,0.85
0,0.0
0,0.136363636364
1,-0.466666666667
1,0.1
0,-0.0180555555556
1,0.0833333333333
0,0.366666666667
0,0.0137961397577
0,-0.411458333333
0,0.00515873015873
0,0.4
1,0.3
1,-0.166666666667
1,-0.15
0,0.258333333333
0,0.015625
1,-0.2
0,0.0
0,0.199897186147
0,-0.222916666667
0,0.0
0,-0.8
0,0.01875
1,0.75
0,-0.478125
1,0.0
1,0.0
0,-0.8
0,-0.291666666667
1,-0.148333333333
0,0.0
0,0.233333333333
1,-0.1875
0,0.445238095238
0,0.154545454545
0,0.0
0,-0.166666666667
0,-0.364583333333
1,-0.375
0,0.375
0,0.0621212121212
0,0.0
0,0.0
1,-0.292857142857
1,0.266666666667
1,-0.8
0,-0.8
0,0.0
0,-0.05
0,0.0
0,0.131746031746
1,-0.220833333333
0,0.0
0,0.233333333333
0,-0.358333333333
0,-0.625
0,0.1
0,0.0
0,0.1
0,0.0
1,0.0
0,0.0
0,1.0
0,0.0515151515152
0,0.0
0,0.0
0,0.35
1,-0.1875
0,0.0
0,-0.2
0,0.0
0,-0.8
0,-0.204761904762
0,0.0333333333333
0,0.285714285714
0,-0.0214285714286
1,-0.666666666667
0,0.0
0,0.0
0,-0.6
1,-0.15
0,0.0
0,0.5
0,-0.085
0,0.0
0,0.4375
0,0.375
0,0.00277777777778
1,-0.594444444444
0,0.415625
0,0.0481481481481
0,0.4875
0,0.0
0,-0.0527272727273
1,-0.41875
0,0.1
0,-0.4
0,0.0
1,-0.6
0,0.0444047619048
1,0.0
0,0.5
1,-0.266666666667
0,-0.0185185185185
1,0.0
0,0.7
0,0.0
0,0.1
1,0.0
0,0.177777777778
0,0.0
0,0.125
1,0.8
1,-0.2
0,0.55
0,0.0
0,-0.0628571428571
1,-0.1695
0,0.75
0,0.1
1,0.0
1,0.0
0,0.0
0,0.0
0,0.0666666666667
1,0.0
1,-0.44
0,0.408333333333
0,0.4375
0,0.0
0,0.3
0,0.17619047619
0,-0.1875
1,-1.0
1,0.0852272727273
0,-0.0275062656642
0,-0.2625
1,-0.0919588744589
1,0.0666666666667
1,-0.8
0,0.408333333333
0,0.06
1,0.0
0,0.35
0,0.0
0,0.0910714285714
0,0.175
1,-0.45
0,0.0
0,0.05
0,0.14375
0,0.265
0,-0.0833333333333
0,-0.0380952380952
0,0.0
0,0.5
1,-0.397784090909
1,0.0
0,0.15
1,-0.271296296296
0,-0.0967261904762
0,0.55
1,0.2
0,0.65
1,-0.0888888888889
1,0.0
0,-0.1875
1,0.00625
0,-0.8
0,0.348148148148
0,0.2
0,0.5
0,0.15
0,0.5
0,-0.2
0,0.5
0,0.0
0,-0.05
0,0.2
0,0.433333333333
1,0.0
0,0.0
0,0.0
0,0.0111111111111
0,0.0
0,-0.0625
0,0.42
1,0.366666666667
0,-0.116666666667
0,-0.0333333333333
1,-0.4
1,-0.0410714285714
0,0.5
0,-0.25
0,0.4
0,0.0625
0,0.0
0,0.1
0,0.129166666667
0,0.25
1,0.0
1,-0.13125
0,-0.2
0,0.0
1,-1.0
0,0.249338624339
1,0.5
0,0.0333333333333
0,0.25
0,0.25
1,0.1
0,0.0
0,-0.308333333333
0,-0.6
0,0.0
0,0.283928571429
0,0.0
0,-0.100877192982
0,0.8
0,0.4
0,-0.0204545454545
0,0.0
0,0.5
0,-0.118287037037
1,0.0
0,0.35
0,0.1
1,-0.48828125
1,-0.8
0,0.0
1,0.0
0,-0.155092592593
0,0.025
0,0.0
1,0.1
0,-0.156666666667
0,-0.5
0,-0.166666666667
0,0.0
1,0.0
0,0.0
0,0.25
0,0.5625
0,0.0
0,0.0
1,-0.6
0,0.1
0,0.0
0,0.0
0,0.00284090909091
0,1.0
0,0.102083333333
1,0.395238095238
0,0.0
1,-0.622857142857
0,0.0
1,-0.4125
1,-0.196031746032
0,0.130952380952
1,-0.0171428571429
1,-0.9
0,0.06
0,-0.166666666667
0,0.6
0,0.0
0,-0.2
0,-0.3
0,0.05
0,0.2
0,0.3
1,0.0
0,0.3
0,0.0510353535354
0,-0.4
1,-0.6
1,0.0
0,0.0
1,0.199744897959
0,0.4
0,0.0
0,-0.4
0,0.354166666667
0,0.0
1,0.0
0,-0.442113095238
0,0.0
0,-0.00781558185404
0,-0.09375
1,0.8
1,-0.0678571428571
1,-0.175
0,-0.2109375
0,0.0
0,-0.15
0,-0.121875
1,-0.266666666667
0,0.05
0,-0.12
0,0.166666666667
0,-0.233333333333
0,0.0
1,0.0866666666667
0,0.252380952381
0,0.166666666667
1,-0.15
0,0.875
0,-0.5
0,0.1
0,0.5
0,0.3
0,0.0
0,-0.3
0,0.357142857143
1,0.05625
0,-0.6
1,-0.266666666667
0,0.00833333333333
0,0.0364583333333
0,0.0
1,-0.3
1,-0.2
0,0.0
0,-0.2
0,0.344706959707
1,-0.471428571429
0,0.234433962264
1,0.161111111111
0,0.0
0,0.0
0,0.373015873016
0,0.8
1,-0.2
0,0.028125
0,-0.7
0,0.416666666667
0,0.1375
1,-0.15
0,0.357142857143
0,0.0
0,0.0
0,0.2
1,-0.15
1,0.0
0,0.0
0,0.0
0,0.0811011904762
0,0.125
0,0.0
0,0.185714285714
0,0.0431818181818
0,0.0
0,0.5
1,-0.0972222222222
0,0.3125
1,-0.4
0,-0.4
0,1.0
0,0.341666666667
0,0.8
1,0.0
0,-0.03125
0,0.0
0,-0.1875
0,-0.5
0,-0.275
1,-0.397222222222
0,-0.1075
0,0.0
1,-0.227315104167
1,-0.15
0,-0.0625
1,-0.8
0,0.1875
0,-0.4
1,0.0
0,-0.09375
0,0.173333333333
0,-0.714285714286
0,0.0666666666667
0,0.375
1,0.0916666666667
0,0.0472222222222
0,-0.296875
0,0.25
1,0.028125
0,-0.05
0,-0.106186868687
0,0.0
0,0.0222727272727
0,0.00795454545455
1,0.0916666666667
0,-0.1
0,0.4
0,0.0
0,0.0
1,-0.0333333333333
0,-0.4
0,-0.5
0,-0.22
0,0.2
0,-0.125
1,-0.45
0,-0.2
1,-0.154166666667
0,0.0
0,0.157142857143
0,0.0
0,0.8
0,0.0
0,0.65
0,-0.35
0,-0.125
1,0.0
0,-0.0576923076923
0,0.366666666667
1,-0.1
0,0.0
1,-0.2875
0,-0.65
0,0.0
1,-0.401785714286
1,0.0
0,0.2
0,0.125
0,0.0
1,-1.0
0,0.02
0,0.0666666666667
1,-0.8
0,0.0
1,0.25
1,-0.317380952381
0,-0.075
1,-0.4
0,-0.116326530612
0,0.541666666667
0,-0.0625
0,0.48
0,0.408333333333
1,-0.1375
0,-0.4625
0,0.0
0,0.6
0,0.2
0,0.55
1,0.433333333333
0,-0.0833333333333
0,-0.8
1,0.0833333333333
1,-0.8
0,0.0
0,0.0
0,-0.1
1,0.0
0,-0.188194444444
0,-0.333333333333
0,-0.6
0,-0.8
1,-0.4
0,-0.8
0,0.0
1,-0.375
0,0.0
0,0.0741666666667
0,0.0875
1,0.0
1,0.5
0,-0.0717045454545
0,-0.166666666667
0,-0.0666666666667
0,-0.047619047619
0,0.0
0,0.4
0,0.197142857143
0,0.0
0,0.8544921875
0,0.1
0,0.285714285714
0,-0.25
0,0.0
0,0.3125
0,0.0
0,0.0
0,0.0
0,0.0743055555556
0,0.015625
1,-0.5625
0,0.228571428571
0,-0.275
0,0.0
1,0.0
0,-0.0571428571429
0,0.2375
0,0.0
0,0.333333333333
1,0.1375
0,0.0
1,-0.2125
0,-0.249914965986
0,0.0
0,0.0
0,0.2
0,0.0
0,0.09
0,0.0
0,0.0
0,-0.4
0,0.75
0,0.297916666667
1,-0.003125
0,0.416666666667
0,0.1
1,0.0
1,0.666666666667
0,0.75
0,0.0
1,0.0125
0,-0.0875
0,0.0537619047619
0,0.0
0,0.00416666666667
0,-0.516666666667
0,0.0
0,0.2
0,0.171607142857
0,-0.75
0,-0.1
0,-0.163333333333
0,-0.0619047619048
0,-0.1
0,0.0
1,-0.5
0,-0.2
0,0.222712053571
0,0.0171717171717
0,0.136363636364
0,-0.124436090226
0,0.0
0,0.6
0,0.216666666667
1,0.188095238095
0,0.15
0,0.2
1,-0.140476190476
0,0.0
0,0.875
0,0.0
1,-0.233333333333
0,-0.7
0,-0.5
1,-0.284765625
0,-0.2
0,0.813802083333
1,-0.1
0,0.0
0,0.22012987013
0,-0.133333333333
0,-0.025
0,0.0
0,-0.107142857143
0,-0.155555555556
0,-0.2
0,-0.1
0,-0.6
1,-0.8
1,0.0
0,0.9765625
0,0.380555555556
1,-0.251851851852
0,0.118181818182
0,0.390625
1,-0.8
0,0.3
0,0.0958333333333
1,-0.275
0,-0.191666666667
1,0.0
0,-0.5
0,0.0
0,0.126530612245
1,-0.46875
0,0.2
0,0.133333333333
0,-0.0833333333333
0,0.0
0,-0.1875
0,0.2
0,0.05
0,0.0
0,-0.2
0,0.375
0,-0.4
0,0.0
0,-0.6
1,0.133333333333
0,0.0
0,-0.24375
0,0.206
0,0.304761904762
0,0.4
0,-0.2
1,-0.453125
0,-0.5
1,0.458333333333
0,0.0
1,-1.0
0,0.0
0,-0.228571428571
1,-0.8
0,0.0
0,-0.155555555556
0,-0.233333333333
1,-0.161111111111
0,0.0
0,0.0
0,0.0
1,0.133333333333
0,0.0
0,0.5
0,0.0
1,0.129166666667
0,-0.333333333333
0,0.0
1,-0.222222222222
0,0.56
0,-0.15625
0,-0.4
0,0.125
0,-0.4
0,-0.1
0,0.0
0,0.0
1,0.0
0,0.0
1,-0.0880952380952
0,0.15
0,0.15
0,0.133333333333
0,0.0
0,-0.294444444444
1,-0.00772727272727
0,0.178571428571
1,0.0
0,0.235
1,0.0
1,0.25
0,1.0
1,-0.171428571429
1,-0.233928571429
0,0.6
0,0.0
0,-0.00344155844156
0,-0.231150793651
0,-0.291666666667
0,0.0
1,0.0680844907407
1,-1.0
1,0.0533333333333
0,-0.00375
0,0.0
1,0.0
0,-0.9375
0,-0.8125
1,0.416666666667
1,0.25
0,0.1
0,-0.163888888889
1,-0.05
1,-0.733333333333
1,0.0
0,0.203571428571
0,-0.375
1,0.0183982683983
1,-1.0
0,0.0664835164835
0,0.154166666667
0,-0.65
0,0.0229166666667
0,-0.5
1,0.0
0,0.55625
0,0.8
0,0.0
1,-0.176666666667
0,-0.0526785714286
1,-0.1
1,0.0
0,-1.0
1,0.0365384615385
0,0.0
1,-0.3
0,0.0
0,-0.296875
1,-0.25
0,0.0
0,0.205555555556
0,0.203703703704
0,0.1
0,0.309090909091
0,0.0
1,0.116666666667
1,-0.19375
0,0.25
0,0.0
1,0.113095238095
0,0.6
1,0.5
0,-0.00833333333333
0,0.0
0,0.416666666667
0,0.2
0,0.5
0,0.0
0,0.3
0,0.0
0,-0.2
0,-0.40625
1,0.170833333333
0,0.025
0,-0.310208333333
0,-0.0327922077922
0,0.0
0,0.0
0,0.0536796536797
0,0.0875
0,0.0
1,-0.0801587301587
1,-0.381944444444
0,0.0
0,0.446428571429
0,0.0
0,0.7
0,0.358333333333
0,0.0
0,-0.3
1,-0.2
1,0.0
0,0.5
1,0.0
0,0.05
0,-0.714285714286
0,0.233333333333
0,-0.4
0,0.0
0,0.8
1,0.0
0,0.0
1,-0.283333333333
1,0.0
0,0.295833333333
1,0.05
0,0.0
0,0.25
1,-0.8
0,0.0
1,0.0553333333333
0,0.220238095238
0,0.0
0,-0.179166666667
1,0.0
1,-0.8
0,0.2
0,-0.4
1,0.4
0,-0.185
0,0.875
0,0.0
0,0.0
0,-0.4
0,0.0
1,-0.204761904762
0,0.0
1,-0.633333333333
0,-0.5
1,-0.111111111111
0,0.0634920634921
1,-0.766666666667
0,0.0310784313725
0,-0.1
0,0.0
0,0.2
0,0.0
1,-0.6
1,0.166666666667
0,0.00277777777778
1,-0.6
0,0.0860119047619
0,-0.171875
0,0.8
0,-0.345833333333
0,0.0
0,0.317857142857
0,0.48828125
0,0.5
0,0.0
0,0.35
0,0.416666666667
0,-0.0225
0,0.018125
0,-0.0130952380952
0,0.145555555556
0,0.0262626262626
0,-0.0952380952381
0,-0.133333333333
0,-0.1625
0,0.0
0,0.0
0,0.0
0,0.05
0,0.0
0,0.8
0,-0.112261904762
0,-0.75
0,0.0
0,-0.1
0,0.0
1,-0.3
0,-0.0625
1,0.0
0,-0.125
0,0.222222222222
0,-0.04375
0,0.138272727273
1,-0.1875
1,0.0
0,-0.133333333333
0,0.0
0,0.0
0,-0.2125
0,0.0
0,0.0
0,-0.0380952380952
0,0.0
0,-0.166666666667
1,-0.1875
0,0.0
0,0.6
0,-0.35
1,-0.322222222222
0,0.375
0,0.0630277777778
0,-0.75
0,0.0
0,-0.025
1,0.0
0,0.0
0,0.0
0,0.0
0,0.10119047619
0,0.0
1,-0.433333333333
0,0.0
1,-0.557142857143
0,0.4
0,-0.6
0,-0.2
0,0.0
1,-0.846428571429
0,-0.138888888889
0,0.5
1,-0.0801587301587
0,0.0
1,0.0
0,0.0
0,0.029059714795
1,0.142857142857
1,-0.3875
0,0.0
0,0.248214285714
0,-0.2
0,0.5
0,0.0
0,0.0
0,0.0
0,0.0
1,0.0
1,-0.196862244898
1,0.0
0,-0.3
1,0.0
1,0.0
0,-0.8
0,-0.141666666667
0,-0.0267361111111
0,0.0
0,-0.175
0,-0.28125
1,0.0
0,0.0
0,-0.6
0,-0.333333333333
1,0.075
1,0.0
0,0.25
1,0.0
0,0.242857142857
0,0.91
0,-0.5125
1,0.0
1,-0.3
0,0.0666666666667
0,0.0
0,0.325
1,0.0
0,1.0
1,0.0
0,0.0
0,0.0
0,-0.41
0,0.1
0,0.357142857143
1,-0.0916666666667
1,-0.171428571429
0,0.197959183673
0,0.208333333333
0,0.0
0,0.0
0,0.0
0,0.0
0,0.110714285714
0,0.5
1,0.0
0,0.285714285714
0,-0.15
0,-0.375
0,-0.0555555555556
0,0.171428571429
1,0.0
0,-0.121666666667
0,0.0
0,0.392857142857
1,-0.3
0,0.8
0,0.0
0,-0.35625
0,0.283333333333
1,0.106094104308
1,0.2
0,-0.15
1,0.5
0,0.8
0,0.0
1,-0.249027777778
0,-0.100877192982
0,0.2
0,-0.0133928571429
0,-0.330608974359
0,0.103571428571
0,-0.6
0,0.0
1,-0.8
0,0.0
0,-0.5
0,-0.120833333333
0,-0.2
1,-0.4625
0,0.416666666667
0,-0.35
0,0.6
0,0.0
0,0.0641594516595
0,0.0
0,0.2
0,0.348958333333
0,0.0
1,-0.166666666667
1,-0.181696428571
0,0.0
0,0.0890625
0,0.5
0,0.12421875
1,0.0
0,0.0645833333333
1,-0.1
0,0.0333333333333
0,0.139285714286
1,-0.281994047619
0,0.0
0,0.0555555555556
1,-0.078125
0,0.267857142857
0,0.0
1,0.0
0,1.0
0,0.0
0,0.0
0,-0.0246666666667
1,0.0
0,0.0233333333333
0,0.3125
0,-0.4
1,-0.135416666667
0,0.0
0,-0.107954545455
1,0.508333333333
0,0.149479166667
0,0.0
0,0.165178571429
0,0.325
1,-0.9
0,0.0
0,0.484375
1,-0.45
0,-0.2
0,0.178571428571
0,0.5
0,0.357142857143
0,0.625
0,-0.25
0,0.2
1,0.0
0,0.0666666666667
1,-0.221635509673
1,0.0
0,0.5
0,0.0
0,0.207142857143
0,-0.4
0,0.25
1,-0.00666666666667
0,0.0695833333333
0,0.0
0,0.0
0,0.0
0,-0.0529355041094
0,0.6
0,0.0
0,0.136363636364
0,-0.1109375
0,0.166666666667
0,0.125
1,0.0
0,0.1
0,0.271428571429
0,0.0551785714286
1,0.0
0,0.416666666667
1,-0.3
0,-0.35
0,0.5
0,-0.516666666667
1,0.0
1,0.17890625
0,1.0
0,-0.40625
0,0.0488636363636
0,0.136111111111
0,0.125
0,0.35
1,-0.0986111111111
0,0.75
0,-0.234375
0,-5.55111512313e-18
0,0.483333333333
0,0.0
0,0.119791666667
0,0.209523809524
0,-0.148566017316
1,-0.356944444444
0,0.275
1,-0.8
1,-0.708333333333
0,0.8
0,-0.25
1,-0.75
0,0.0
0,0.7
0,-0.0583333333333
0,0.0
1,0.2
0,0.0
0,0.0
0,-0.0329966329966
0,-0.4
0,-0.0833333333333
1,-0.4
1,-0.35
0,-0.28
0,0.133333333333
0,0.45
0,-0.119047619048
0,-0.329797979798
0,-0.5
0,0.0875
1,-0.291666666667
0,0.8
0,-0.35
0,0.15
0,0.333333333333
0,0.0
0,0.0
0,0.5
0,-0.3
0,0.26875
0,-0.4
0,0.061038961039
1,-0.3875
0,0.5
0,0.136666666667
0,-0.0213333333333
0,0.2
0,-0.00138888888889
0,-0.1875
1,0.0
0,0.2
1,0.0530164930556
1,-0.475
0,0.285714285714
0,-0.4
1,0.0
0,0.0
1,0.232640692641
0,0.0270833333333
0,0.0
0,0.0
0,0.3125
0,0.0
1,-0.4
1,-0.8
0,0.566666666667
0,0.0
1,-0.2
1,0.0125
0,-0.2
0,-0.158333333333
1,-0.4
1,0.08125
0,0.0
0,0.375
0,0.0
0,0.0
1,0.0
0,0.184006734007
0,0.0
0,-1.0
0,0.5
1,-0.303571428571
0,-0.005
0,0.1
1,-0.70517578125
0,0.0
1,0.0
1,-0.170833333333
0,0.0
1,0.25
0,0.05
0,-0.4
0,0.25
1,-0.8
0,-0.0148148148148
0,0.05
1,-0.0380952380952
1,-0.11
0,-0.575
0,0.8
1,-0.45
0,0.25
0,0.05
0,-0.0958333333333
1,0.4
0,0.5
1,0.0
1,0.2
0,-0.058
1,-0.1
1,-0.1875
1,0.6
0,-0.15
0,0.464285714286
0,0.25625
0,0.0
0,0.25
0,-0.2
1,-0.341666666667
0,-0.104166666667
0,-0.05
1,-0.2640625
1,0.5
0,0.0
0,0.0
0,0.0
0,0.0
0,0.085
0,-0.0458067602041
0,-0.0104166666667
0,0.415
1,-0.3125
0,0.233333333333
1,0.110119047619
0,0.5
1,0.108333333333
0,-0.0166666666667
0,0.095
0,0.291666666667
1,-0.35
0,-0.182142857143
1,0.0
1,-0.333333333333
0,0.25
0,0.228333333333
1,-0.4
0,0.0185606060606
0,0.075
0,0.123020833333
1,-0.1875
0,0.425
0,0.124090909091
0,0.3125
1,0.429166666667
1,0.0
0,0.0625
0,0.0
0,0.39375
0,0.0688888888889
0,0.2375
1,0.0
0,0.0
1,-0.249450549451
0,0.0
0,-0.0571428571429
0,-0.015873015873
0,-0.166666666667
1,-0.8
0,-0.184259259259
1,-0.4
0,0.25
0,-0.1
0,0.0
1,-0.485849338108
1,-0.1921875
0,-0.2
0,0.0
0,0.0
0,-0.4
1,0.0
0,-0.312946428571
0,0.0
0,-0.5
0,0.5
0,0.0
0,0.169734768908
0,0.0
1,0.1
0,0.0
0,-0.3
1,-0.8
0,0.1266184573
1,-0.266666666667
0,0.0
1,-0.137777777778
1,-0.2
0,-0.25
0,0.370833333333
0,-0.125
0,-0.2
0,0.0666666666667
1,0.0
1,-0.4
1,0.2
0,-0.35
0,0.741666666667
1,-0.125
0,-0.225
0,-0.1875
0,-0.2125
1,-0.233333333333
1,0.2
0,0.5
0,0.45
0,0.0619047619048
0,0.0
0,0.0077380952381
0,-0.0752136752137
0,1.0
0,0.0
1,-0.12
0,0.520833333333
0,0.354166666667
0,-9.25185853854e-18
0,0.183333333333
1,-0.15625
0,0.0
0,-0.194642857143
0,0.0
0,0.04
0,-0.125
0,-0.6
1,-0.103125
1,0.0
0,0.0985756802721
1,-0.3875
0,0.0
0,0.116666666667
0,0.0
0,0.65
0,0.44
0,0.0
0,0.520833333333
0,0.19600267986
1,0.266666666667
0,1.0
0,0.25
0,0.0
0,0.55
0,-0.125
0,0.176785714286
1,-0.4
0,0.0
0,-0.3
1,0.0
0,0.0182756696429
0,0.0
0,0.0
1,-0.1375
1,0.0
0,0.0791666666667
1,-0.4
0,0.185714285714
0,-0.0625
1,0.05
0,0.0
1,-0.4
0,-0.1
0,0.0
0,0.0
0,-0.266666666667
0,0.15
0,0.12
1,0.0
0,0.5
1,0.604166666667
0,0.5
0,-0.0694214876033
1,-0.8
0,-0.0199074074074
0,0.0833333333333
1,0.0
0,0.130555555556
0,0.7
1,0.0
0,0.0541666666667
0,-0.155555555556
0,0.2
0,-0.0833333333333
0,-0.116666666667
0,-0.6
1,-0.4
0,0.0
0,-0.483333333333
0,-0.2625
0,-1.0
0,1.0
0,0.7
0,0.5
0,-0.160251322751
0,0.194766414141
1,0.5
1,-0.55625
0,-0.4
0,0.8
0,0.0
1,-0.95
0,-0.225
0,0.8
0,-0.875
0,0.254545454545
1,-0.136507936508
0,0.0
0,0.0
0,0.0625
1,-0.8
0,0.366666666667
0,0.466666666667
0,0.233333333333
1,0.0
0,0.0
0,0.0
0,0.0
0,0.0
0,0.0
1,-0.1
1,-0.4
0,0.3
0,0.0
0,0.0
0,0.0
0,0.15
0,-0.1
1,0.5
0,0.0
1,-1.0
1,-0.25
0,0.4
1,0.2
0,0.0
0,0.0
0,0.0
1,0.0
0,0.072619047619
0,-0.00740740740741
0,0.0
1,-0.0277777777778
0,0.0
0,-1.0
1,-0.5171875
0,0.0
1,0.0
0,0.0078125
0,0.271875
1,-0.8
0,0.0
1,-0.175
0,0.025
0,0.0
1,-0.833333333333
0,0.362337662338
0,0.0
1,-0.166666666667
0,0.0
1,-0.0801587301587
0,0.520833333333
1,0.0
1,0.0
0,-0.0619047619048
0,-0.125
0,-0.125
1,-0.8
0,0.34380952381
0,-0.125
0,0.8125
0,0.35
1,-0.8
1,-0.0568181818182
0,0.223484848485
1,-0.113888888889
0,0.5
1,0.3125
1,0.0
0,0.15
1,0.416666666667
0,0.133333333333
0,-0.2
0,0.25
1,0.0515151515152
1,0.0370268620269
1,0.0
0,-0.3
0,0.5
0,0.233472535918
0,0.0302083333333
0,-0.2
0,-0.354166666667
0,-0.255208333333
0,0.540625
0,-0.229166666667
0,-0.520833333333
1,-0.375
0,0.0
0,0.0
0,0.4375
1,0.34375
0,0.00078125
0,0.0
0,0.8
1,0.0
0,0.35
0,0.15625
0,0.0
0,0.4
0,-0.0961538461538
0,-0.0333333333333
0,0.0
0,0.158333333333
1,-0.8
0,0.6
0,-0.0133333333333
1,0.0
0,-0.4
0,0.0
0,0.0714285714286
0,0.0275
0,-0.45625
0,0.65
1,0.0
0,0.0
0,0.0
0,0.305
0,0.0
1,-0.4
0,0.138513513514
0,0.5
0,0.01875
0,0.158333333333
0,-0.0875
0,-0.325
0,0.2125
0,0.5
0,0.0
1,0.0
1,-0.183333333333
0,0.065
1,0.0
0,0.34
1,0.0
1,-0.4
0,0.0
0,0.0
1,0.39375
1,-0.125
0,0.0
1,-0.35
0,0.0
0,0.26
0,0.0
0,0.2
0,0.5
0,0.3
1,0.0
1,-0.3875
0,0.225130208333
0,-0.0571428571429
0,0.0
1,-0.0859375
0,0.2
0,0.0
1,-0.240476190476
0,-0.0625
0,0.0
0,0.8
1,0.108333333333
0,0.0
1,-0.8
0,0.0
0,0.4
0,0.1
0,0.184090909091
0,0.0
0,0.0
0,0.0
0,0.324305555556
0,-0.2
1,-0.345833333333
1,-0.025
0,0.193181818182
0,0.0
0,-0.244444444444
0,-0.8
0,-0.0166666666667
0,-0.116071428571
0,-0.75
0,0.0375
0,0.0
0,0.0
1,0.0761904761905
0,0.0
0,0.0
0,0.0
0,0.0
0,0.6
0,0.25
0,0.0
0,-0.2890625
0,0.45
0,0.379444444444
1,-0.00625
1,-0.2
0,-0.230208333333
0,0.52
0,-0.3
0,0.7
0,-0.333333333333
0,0.366666666667
0,0.0
0,0.55
1,-0.478881835938
0,0.25
0,0.108333333333
0,0.0
0,-0.275
0,0.0
0,0.6
1,-0.0921428571429
0,0.25
0,0.0
0,0.125
0,0.375
0,-0.24625
1,0.0
0,0.05
0,0.0
0,-0.3125
0,0.238888888889
0,0.00277777777778
0,-0.40625
0,-0.1
1,-0.625
0,0.0
1,0.0
0,-0.5
0,0.1
0,0.0
0,0.0
1,0.0
0,0.0
0,0.0
1,-0.3
1,-1.0
0,-0.00833333333333
0,0.15
1,0.025
1,0.0
0,0.25
0,-0.346153846154
0,-0.363888888889
0,0.2
0,0.0
0,0.5
0,0.0
0,-0.0386574074074
0,0.201136363636
1,0.0
0,0.18
0,0.0
1,0.416666666667
0,-0.2
0,0.0428571428571
0,-0.323958333333
1,-0.35
0,0.471590909091
0,0.00250721500722
0,0.0
0,0.0
1,0.114285714286
0,-0.2625
0,-0.0125
0,0.0
1,-0.327083333333
1,-0.45
0,0.0
0,0.0
0,-0.325
0,0.0
0,0.0
1,-0.222222222222
1,-0.26328125
0,0.0
0,-0.1
0,0.0
1,-0.183333333333
1,0.4
0,0.1
0,-0.140625
0,0.0
0,-0.4
1,-0.0185185185185
0,-0.6
1,-0.0666666666667
0,0.0
0,0.0196678321678
0,-0.8
0,0.0
0,0.15
0,-0.1
0,0.533333333333
1,-0.25
1,0.209259259259
0,0.0
0,-0.268518518519
1,0.366666666667
1,0.0
0,0.172222222222
0,0.0
1,-0.3
0,0.0
0,-0.075
0,0.372222222222
0,0.09375
0,-0.5
0,0.275
0,0.0
0,0.139962121212
0,0.25
0,-0.0714285714286
0,0.0
1,0.5
1,-0.8
0,-0.0125
0,0.0
0,-0.05
0,0.0
0,0.417857142857
1,-0.165
0,-0.186147186147
1,-0.171428571429
1,0.0
1,-0.4
0,-0.488888888889
0,0.0
1,-0.188802083333
0,-0.266666666667
0,0.028382034632
0,0.5
0,-0.0966666666667
0,0.0
0,0.215401785714
1,-0.41
0,-0.425
0,0.0
1,-0.0333333333333
1,0.0077479338843
0,-0.1
0,0.0
0,0.0833333333333
0,0.46875
0,0.0
0,0.0
0,0.05
0,0.6
0,0.291666666667
0,-0.0375
1,-0.8
0,-0.583333333333
0,-0.25
0,0.3
0,0.5
1,-0.225
0,0.0
1,-0.271428571429
1,0.4
0,-0.6
0,-0.00277777777778
0,0.1
0,-0.146212121212
0,0.0
0,-0.2
0,-0.05
1,0.0
0,0.0
0,-0.2
1,-0.316666666667
0,-0.06
0,0.111111111111
0,0.1
0,0.0
0,-0.025
1,-0.09375
0,0.0357142857143
0,1.0
0,0.0
0,-0.375
1,-0.0762939453125
1,-0.625
1,0.0
1,0.0666666666667
0,-0.133333333333
0,0.100396825397
0,0.0
0,0.8
0,0.0
0,0.0
0,0.2
0,-0.230034722222
0,0.15462962963
0,0.1375
0,0.2
1,0.0952380952381
1,-0.4
0,0.563636363636
0,0.65
1,-0.5
1,0.25
0,0.0
0,0.141666666667
0,0.0930555555556
0,0.0
0,-0.35
0,-0.25
0,-0.8
0,0.329365079365
1,0.446428571429
1,0.333333333333
0,0.25
0,0.0333333333333
0,0.05
0,0.2
0,-0.075
1,-0.1875
1,-0.2
0,-0.7
1,-0.4
0,-0.034375
0,0.25
0,0.116666666667
1,-0.0166666666667
0,0.378571428571
0,0.0
0,0.0
0,0.0
0,0.8
1,0.003125
1,0.0
1,-0.4
0,0.0
1,0.0509692513369
0,0.25
0,-0.138418579102
0,-0.3
1,-0.1
1,-0.625
0,-0.07
0,0.0
0,-0.402222222222
0,0.25
1,0.0476851851852
1,0.8
0,-0.416666666667
0,0.0
1,-0.180555555556
0,-0.4
